133
426
320
135
204
129
78
49
455
263
196
239
411
138
225
190
473
64
435
185
174
339
366
227
132
409
314
410
486
321
235
57
245
219
149
209
419
118
389
303
317
266
128
345
205
271
261
87
294
380
9
382
301
47
6
415
220
202
277
53
267
414
474
438
286
394
347
318
122
436
451
74
393
113
336
280
313
381
407
40
315
208
251
499
398
12
123
329
71
288
111
467
100
492
126
446
292
33
311
140
163
281
82
37
376
223
32
92
476
1
210
373
259
250
338
257
232
76
448
365
357
67
386
405
331
187
341
234
441
43
480
262
275
384
425
226
206
85
83
248
444
306
139
89
370
475
189
342
162
297
66
176
463
62
392
324
152
68
408
183
449
387
158
496
427
14
164
490
406
59
236
399
182
249
148
310
88
155
104
421
375
229
144
413
348
264
13
130
5
359
169
256
101
136
38
39
23
343
108
417
211
177
479
127
221
300
456
243
200
276
41
107
150
171
77
458
141
233
378
462
287
24
493
385
328
173
51
154
289
70
3
270
482
105
31
371
344
278
2
470
335
102
203
478
45
290
52
443
180
21
116
337
50
330
91
30
447
372
333
28
325
191
134
157
353
326
193
468
147
308
246
307
166
10
367
488
29
432
395
498
374
151
231
454
404
186
309
165
228
201
197
352
11
388
296
282
283
285
500
279
167
242
214
265
319
112
34
252
44
161
327
103
274
299
460
115
400
484
368
178
217
253
160
93
4
119
355
430
65
175
237
316
215
495
377
212
485
79
213
95
188
268
445
80
481
428
273
453
159
416
99
397
195
364
466
269
7
36
439
63
109
247
56
73
90
184
363
131
42
26
172
465
230
358
125
469
117
422
340
106
58
497
471
403
383
54
55
207
168
477
240
222
19
349
284
457
86
295
487
194
199
156
15
96
72
391
254
61
483
48
433
22
361
418
121
396
291
142
334
332
379
192
494
354
440
224
8
305
124
472
322
369
84
241
346
181
137
437
351
420
302
442
218
120
390
145
81
75
423
312
401
298
402
25
179
238
260
323
98
97
362
464
17
16
461
244
258
35
360
412
114
255
450
18
143
429
293
94
27
424
69
350
304
434
489
46
110
60
20
198
153
431
170
491
146
459
216
272
452
356